320	804
339	815
320	827
320	849
339	860
320	871
339	882
339	905
320	916
339	927
320	938
339	949
320	960
339	971
320	982
339	994
320	1005
339	1016
320	1027
339	1038
320	1049
339	1060
320	1071
339	1083
320	1094
339	1105
320	1116
339	1127
320	1138
339	1149
339	1172
339	1194
339	1216
319	1227
339	1239
319	1250
339	1261
319	1272
339	1283
319	1294
339	1305
319	1316
339	1328
319	1339
339	1350
319	1361
339	1372
319	1383
339	1394
319	1405
339	1417
319	1428
339	1439
319	1450
339	1461
319	1472
339	1483
319	1494
339	1505
319	1517
339	1528
319	1539
339	1550
358	1005
378	1016
358	1027
378	1038
358	1049
378	1060
358	1071
378	1083
358	1094
378	1105
358	1116
358	1138
358	1160
358	1183
358	1205
358	1227
377	1239
358	1383
358	1405
358	1428
358	1450
358	1472
377	1483
358	1494
377	1506
358	1517
377	1528
358	1539
377	1550
358	1561
377	1572
358	1584
377	1595
358	1606
397	1049
416	1060
397	1072
416	1083
397	1094
416	1127
397	1138
416	1149
397	1160
416	1172
397	1183
416	1194
397	1205
416	1216
397	1227
416	1239
397	1250
416	1261
397	1272
416	1283
397	1294
416	1305
397	1316
416	1328
397	1339
416	1350
416	1372
397	1383
416	1394
416	1417
455	1127
436	1138
455	1149
436	1161
455	1172
436	1183
455	1194
436	1205
455	1216
435	1227
455	1239
435	1250
455	1261
435	1272
455	1283
435	1294
455	1305
435	1316
455	1328
435	1339
455	1350
435	1361
455	1372
435	1383
455	1394
435	1405
455	1417
435	1428
455	1439
435	1450
455	1461
435	1472
455	1483
455	1506
455	1528
455	1550
494	1127
474	1138
494	1149
474	1161
494	1172
474	1183
494	1194
474	1205
494	1216
474	1227
494	1239
474	1250
494	1261
474	1272
494	1283
474	1294
494	1305
474	1316
494	1328
474	1339
494	1350
474	1361
494	1372
474	1383
494	1394
474	1405
494	1417
474	1428
494	1439
474	1450
494	1461
474	1472
494	1483
474	1494
494	1506
474	1517
494	1528
474	1539
494	1550
474	1561
494	1573
474	1584
494	1595
494	1617
532	1105
513	1116
532	1127
513	1138
532	1149
513	1161
532	1172
513	1183
532	1194
513	1205
532	1216
513	1228
532	1239
513	1250
532	1261
513	1272
532	1283
513	1294
532	1305
513	1316
532	1328
513	1339
532	1350
513	1361
532	1372
513	1383
532	1394
513	1405
532	1417
513	1428
532	1439
513	1450
532	1461
513	1472
532	1483
513	1494
532	1506
513	1517
532	1528
513	1539
532	1550
513	1561
532	1573
513	1584
532	1595
513	1606
532	1617
513	1628
532	1639
513	1650
513	1673
532	1706
532	1728
571	1060
552	1072
571	1083
552	1094
571	1105
552	1116
571	1127
552	1138
571	1149
552	1161
571	1172
552	1183
571	1194
552	1205
552	1228
571	1239
552	1250
571	1261
552	1272
571	1283
552	1294
571	1305
552	1317
571	1328
552	1339
571	1350
552	1361
571	1372
552	1383
571	1394
552	1405
571	1417
552	1428
571	1439
552	1450
571	1461
552	1472
571	1483
552	1494
571	1506
552	1517
571	1528
552	1539
571	1550
552	1561
571	1573
552	1584
571	1595
552	1606
571	1617
552	1628
571	1684
551	1695
571	1706
551	1717
571	1728
610	1038
591	1049
610	1061
591	1072
610	1083
591	1094
610	1105
591	1116
610	1127
591	1138
610	1149
591	1161
610	1172
591	1183
610	1194
591	1205
610	1216
591	1228
610	1239
591	1250
610	1261
591	1272
610	1283
591	1294
610	1305
591	1317
610	1328
590	1339
610	1350
590	1361
610	1372
590	1383
610	1394
590	1406
610	1417
590	1428
610	1439
590	1450
610	1461
590	1472
610	1483
590	1495
610	1506
590	1517
610	1528
590	1539
610	1550
590	1561
610	1573
590	1584
610	1595
590	1606
610	1617
590	1628
610	1639
610	1684
590	1695
609	1706
590	1717
609	1728
649	1016
629	1027
649	1038
629	1049
649	1061
629	1072
649	1083
629	1094
649	1105
629	1116
649	1127
629	1138
649	1150
629	1161
649	1172
629	1183
649	1194
629	1205
649	1216
629	1228
649	1239
629	1250
649	1261
629	1272
649	1283
629	1294
649	1305
629	1317
649	1328
629	1339
649	1350
629	1361
648	1372
629	1383
648	1394
629	1406
648	1417
629	1428
648	1439
629	1450
648	1461
629	1472
648	1483
629	1495
648	1506
629	1517
648	1528
629	1539
648	1550
629	1561
648	1573
629	1584
648	1595
629	1606
648	1617
629	1628
648	1639
629	1650
648	1662
629	1673
629	1695
648	1706
629	1717
648	1728
688	994
668	1005
687	1016
668	1027
687	1038
668	1049
687	1061
668	1072
687	1083
668	1094
687	1105
668	1116
687	1127
668	1138
687	1150
668	1161
687	1172
668	1183
687	1194
668	1205
687	1216
668	1228
687	1239
668	1250
687	1261
668	1272
687	1283
668	1294
687	1305
668	1317
687	1328
668	1339
687	1350
668	1361
687	1372
668	1383
687	1394
668	1406
687	1417
668	1428
687	1439
668	1450
687	1461
668	1472
687	1483
668	1495
687	1506
668	1517
687	1528
668	1539
687	1550
668	1561
687	1573
668	1584
687	1595
668	1606
687	1617
668	1628
687	1639
668	1650
687	1662
668	1717
687	1728
726	972
707	983
726	994
707	1005
726	1016
707	1027
726	1038
707	1049
726	1061
707	1072
726	1083
707	1094
726	1105
707	1116
726	1127
707	1138
726	1150
707	1161
726	1172
707	1183
726	1194
707	1205
726	1216
707	1228
726	1239
707	1250
726	1261
707	1272
726	1283
707	1294
726	1305
707	1317
726	1328
707	1339
726	1350
707	1361
726	1372
707	1383
726	1394
706	1406
726	1417
706	1428
726	1439
706	1450
726	1461
706	1472
726	1483
706	1495
726	1506
706	1517
726	1528
706	1539
726	1550
706	1562
726	1573
706	1584
726	1595
706	1606
726	1617
706	1628
726	1639
706	1650
726	1662
726	1684
726	1706
726	1728
765	927
765	949
746	960
765	972
746	983
765	994
746	1005
765	1016
746	1027
765	1038
745	1049
765	1061
745	1072
765	1083
745	1094
765	1105
745	1116
765	1127
745	1138
765	1150
745	1161
765	1172
745	1183
765	1194
745	1205
765	1217
745	1228
765	1239
745	1250
765	1261
745	1272
765	1283
745	1294
765	1305
745	1317
765	1328
745	1339
765	1350
745	1361
765	1372
745	1383
765	1394
745	1406
765	1417
745	1428
765	1439
745	1450
765	1461
745	1472
765	1483
745	1495
765	1506
745	1517
765	1528
745	1539
765	1550
745	1562
765	1573
745	1584
765	1595
745	1606
765	1617
745	1628
765	1639
745	1651
765	1662
745	1673
765	1684
745	1695
765	1706
745	1717
765	1728
804	905
784	916
804	927
784	938
804	949
784	960
804	972
784	983
804	994
784	1005
804	1016
784	1027
804	1038
784	1049
804	1061
784	1072
803	1083
784	1094
803	1105
784	1116
803	1127
784	1138
803	1150
784	1161
803	1172
784	1183
803	1194
784	1205
803	1217
784	1228
803	1239
784	1250
803	1261
784	1272
803	1283
784	1294
803	1306
784	1317
803	1328
784	1339
803	1350
784	1361
803	1372
784	1383
803	1395
784	1406
803	1417
784	1428
803	1439
784	1450
803	1461
784	1472
803	1483
784	1495
803	1506
784	1517
803	1528
784	1539
803	1550
784	1562
803	1573
784	1584
803	1595
784	1606
803	1617
784	1628
803	1639
784	1651
803	1662
784	1673
803	1684
784	1695
803	1706
784	1717
803	1728
823	894
842	905
823	916
842	927
823	938
842	949
823	961
842	972
823	983
842	994
823	1005
842	1016
823	1027
842	1038
823	1049
842	1061
823	1072
842	1083
823	1094
842	1105
823	1116
842	1127
823	1138
842	1150
823	1161
842	1172
823	1183
842	1194
823	1205
842	1217
823	1228
842	1239
823	1250
842	1261
823	1272
842	1283
823	1294
842	1306
823	1317
842	1328
823	1339
842	1350
823	1361
842	1372
823	1383
842	1395
823	1406
842	1417
823	1428
842	1439
823	1450
842	1461
823	1472
823	1495
842	1506
823	1517
842	1528
823	1539
842	1550
823	1562
842	1573
823	1584
842	1595
823	1606
842	1617
823	1628
842	1639
823	1651
842	1662
823	1673
842	1684
823	1695
842	1706
823	1717
842	1728
881	882
862	916
881	927
862	938
881	949
862	961
881	972
862	983
881	994
862	1005
881	1016
862	1027
881	1038
862	1050
881	1061
862	1072
881	1083
862	1094
881	1105
862	1116
881	1127
862	1139
881	1150
862	1161
881	1172
862	1183
881	1194
862	1205
881	1217
862	1228
881	1239
862	1250
881	1261
862	1272
881	1283
862	1294
881	1306
862	1317
881	1328
862	1339
881	1350
862	1361
881	1372
862	1383
881	1395
862	1406
881	1417
862	1428
881	1439
862	1450
881	1461
862	1472
881	1484
861	1495
881	1506
861	1517
881	1528
861	1539
881	1550
861	1562
881	1573
861	1584
881	1595
861	1606
881	1617
861	1628
881	1639
861	1651
881	1662
861	1673
881	1684
861	1695
881	1706
861	1717
881	1728
920	727
920	749
901	760
920	771
920	794
920	816
920	838
920	860
900	871
920	882
900	894
920	905
900	916
920	927
900	938
920	949
900	961
920	972
900	983
920	994
900	1005
920	1016
900	1027
920	1038
900	1050
920	1061
900	1072
900	1094
920	1105
900	1116
920	1127
900	1139
920	1150
900	1161
920	1172
900	1183
920	1194
900	1205
920	1217
900	1228
920	1239
900	1250
920	1261
900	1272
920	1283
900	1294
920	1306
900	1317
920	1328
900	1339
920	1350
900	1361
920	1372
900	1383
920	1395
900	1406
920	1417
900	1428
920	1439
900	1450
920	1461
900	1472
920	1484
900	1495
920	1506
900	1517
919	1528
900	1539
919	1550
900	1562
919	1573
900	1584
919	1595
900	1606
919	1617
900	1628
919	1639
900	1651
919	1662
900	1673
919	1684
900	1695
919	1706
900	1717
939	738
959	749
939	760
959	771
939	782
959	794
939	805
958	816
939	827
958	838
939	849
958	860
939	871
958	883
939	894
958	905
939	916
958	927
939	938
958	949
939	961
958	972
939	983
958	994
939	1005
958	1016
939	1027
958	1038
939	1050
958	1061
939	1072
958	1083
939	1094
958	1105
958	1127
939	1139
958	1150
939	1183
958	1194
939	1205
958	1217
939	1228
958	1239
939	1250
958	1261
939	1272
958	1283
939	1294
958	1306
939	1317
958	1328
939	1339
958	1350
939	1361
958	1372
939	1383
958	1395
939	1406
958	1417
939	1428
958	1439
939	1450
958	1461
939	1472
958	1484
939	1495
958	1506
939	1517
958	1528
939	1539
958	1551
939	1562
958	1573
939	1584
958	1595
939	1606
958	1617
939	1628
958	1640
939	1651
958	1662
939	1673
958	1684
939	1695
978	738
997	749
978	760
997	771
978	782
997	794
978	805
997	816
978	827
997	838
978	849
997	860
978	871
997	883
978	894
997	905
978	916
997	927
978	938
997	949
978	961
997	972
978	983
997	994
978	1005
997	1016
978	1027
997	1038
978	1050
997	1061
978	1072
997	1083
978	1094
997	1105
978	1116
997	1127
978	1139
997	1150
978	1161
997	1172
978	1183
997	1194
978	1206
997	1217
978	1228
997	1239
978	1250
997	1261
978	1272
997	1283
978	1294
997	1306
978	1317
997	1328
978	1339
997	1350
978	1361
997	1372
978	1383
997	1395
978	1406
997	1417
978	1428
997	1439
978	1450
997	1461
978	1472
997	1484
978	1495
997	1506
978	1517
997	1528
978	1539
997	1551
977	1562
997	1573
977	1584
997	1595
977	1606
997	1617
977	1628
997	1640
977	1651
997	1662
977	1673
1036	727
1017	738
1036	749
1017	760
1036	771
1017	782
1036	794
1017	805
1036	816
1017	827
1036	838
1017	849
1036	860
1017	871
1036	883
1017	894
1036	905
1017	916
1036	927
1017	938
1036	950
1017	961
1036	972
1017	983
1036	994
1017	1005
1036	1016
1017	1027
1036	1038
1017	1050
1036	1061
1017	1072
1036	1083
1017	1094
1036	1105
1017	1116
1036	1127
1036	1150
1017	1161
1036	1172
1017	1183
1036	1194
1017	1206
1036	1217
1016	1228
1036	1239
1016	1250
1036	1261
1016	1272
1036	1283
1016	1295
1036	1306
1016	1317
1036	1328
1016	1339
1036	1350
1016	1361
1036	1372
1016	1383
1036	1395
1016	1406
1036	1417
1016	1428
1036	1439
1016	1450
1036	1461
1016	1472
1036	1484
1016	1495
1036	1506
1016	1517
1036	1528
1016	1539
1036	1551
1016	1562
1036	1573
1016	1584
1036	1595
1016	1606
1036	1617
1016	1628
1036	1640
1016	1651
1055	738
1075	749
1055	760
1075	771
1055	782
1075	794
1055	805
1075	816
1055	827
1075	838
1055	849
1075	860
1055	871
1075	883
1055	894
1075	905
1055	916
1075	927
1055	938
1075	950
1055	961
1075	972
1055	983
1075	994
1055	1005
1075	1016
1055	1027
1075	1039
1055	1050
1075	1061
1055	1072
1075	1083
1055	1094
1075	1105
1055	1116
1075	1127
1055	1139
1075	1150
1055	1161
1075	1172
1055	1183
1075	1194
1055	1206
1075	1217
1055	1228
1075	1239
1055	1250
1074	1261
1055	1272
1074	1283
1055	1295
1074	1306
1055	1317
1074	1328
1055	1339
1074	1350
1055	1361
1074	1372
1055	1384
1074	1395
1055	1406
1074	1417
1055	1428
1074	1439
1055	1450
1055	1473
1074	1484
1055	1495
1055	1517
1074	1528
1055	1539
1074	1551
1055	1562
1055	1584
1074	1595
1074	1617
1055	1628
1074	1640
1094	738
1114	749
1094	760
1094	782
1114	794
1094	805
1114	816
1094	827
1114	838
1094	849
1114	860
1094	871
1114	883
1094	894
1113	905
1094	916
1113	927
1094	938
1113	950
1094	961
1113	972
1094	983
1113	994
1094	1005
1113	1016
1094	1027
1113	1039
1094	1050
1113	1061
1094	1072
1113	1083
1094	1094
1113	1105
1094	1116
1113	1128
1094	1139
1113	1150
1094	1161
1113	1172
1094	1183
1113	1194
1094	1206
1094	1228
1113	1239
1094	1250
1113	1261
1094	1272
1113	1283
1094	1295
1113	1306
1094	1317
1113	1328
1094	1339
1113	1350
1094	1361
1113	1372
1094	1384
1113	1395
1094	1406
1113	1417
1094	1428
1113	1439
1094	1450
1113	1461
1094	1473
1113	1484
1094	1495
1113	1506
1094	1517
1113	1528
1094	1539
1113	1551
1094	1562
1113	1573
1094	1584
1152	705
1152	727
1133	738
1152	749
1133	760
1152	771
1133	783
1152	794
1133	805
1152	816
1133	827
1152	838
1133	849
1152	860
1133	871
1152	883
1133	894
1152	905
1133	916
1152	927
1133	938
1152	950
1133	961
1152	972
1133	983
1152	994
1133	1005
1152	1016
1133	1027
1152	1039
1133	1050
1152	1061
1133	1072
1152	1083
1133	1094
1152	1105
1133	1116
1152	1128
1133	1139
1152	1150
1133	1161
1133	1183
1152	1194
1133	1206
1152	1217
1133	1228
1152	1239
1133	1250
1152	1261
1133	1272
1152	1283
1132	1295
1152	1306
1132	1317
1152	1328
1132	1339
1152	1350
1132	1361
1152	1372
1132	1384
1152	1395
1132	1406
1152	1417
1132	1428
1152	1439
1132	1450
1152	1461
1132	1473
1152	1484
1132	1495
1152	1506
1132	1517
1152	1528
1132	1539
1152	1551
1132	1562
1152	1729
1172	694
1191	705
1172	716
1191	727
1172	738
1191	749
1172	760
1191	771
1172	783
1191	794
1172	805
1191	816
1172	827
1191	838
1172	849
1191	860
1172	872
1191	883
1172	894
1191	905
1172	916
1191	927
1172	938
1191	950
1171	961
1191	972
1171	983
1191	994
1171	1005
1191	1016
1171	1027
1191	1039
1171	1050
1191	1061
1171	1072
1191	1083
1171	1094
1191	1105
1171	1116
1191	1128
1171	1139
1191	1150
1171	1161
1191	1172
1171	1183
1191	1194
1171	1206
1191	1217
1171	1228
1191	1239
1171	1250
1191	1261
1171	1272
1191	1283
1171	1295
1191	1306
1171	1317
1191	1328
1171	1339
1191	1350
1171	1361
1191	1372
1171	1384
1191	1395
1171	1406
1191	1417
1171	1428
1191	1439
1171	1450
1191	1461
1171	1473
1191	1484
1171	1495
1191	1506
1171	1517
1190	1706
1171	1717
1190	1729
1230	616
1230	682
1210	694
1230	705
1210	716
1230	727
1210	738
1230	749
1210	760
1230	771
1210	783
1230	794
1210	805
1230	816
1210	827
1230	838
1210	849
1230	860
1210	872
1230	883
1210	894
1230	905
1210	916
1230	927
1210	938
1230	950
1210	961
1230	972
1210	983
1229	994
1210	1005
1229	1016
1210	1027
1229	1039
1210	1050
1229	1061
1210	1072
1229	1083
1210	1094
1229	1105
1210	1116
1229	1128
1210	1139
1229	1150
1210	1161
1229	1172
1210	1183
1229	1194
1210	1206
1229	1217
1210	1228
1229	1239
1210	1250
1229	1261
1210	1272
1229	1284
1210	1295
1229	1306
1210	1317
1229	1328
1210	1339
1229	1350
1210	1361
1229	1372
1210	1384
1229	1395
1210	1406
1229	1417
1210	1428
1229	1439
1210	1450
1229	1461
1210	1473
1229	1684
1210	1695
1229	1706
1210	1718
1229	1729
1269	571
1249	582
1269	593
1249	605
1268	660
1268	682
1249	694
1268	705
1249	716
1268	727
1249	738
1268	749
1249	760
1268	771
1249	783
1268	794
1249	805
1268	816
1249	827
1268	838
1249	849
1268	860
1249	872
1268	883
1249	894
1268	905
1249	916
1268	927
1249	938
1268	950
1249	961
1268	972
1249	983
1268	994
1249	1005
1268	1016
1249	1027
1268	1039
1249	1050
1268	1061
1249	1072
1268	1083
1249	1094
1268	1105
1249	1116
1268	1128
1249	1139
1268	1150
1249	1161
1268	1172
1249	1183
1268	1194
1249	1206
1268	1217
1249	1228
1268	1239
1249	1250
1268	1261
1249	1272
1268	1284
1249	1295
1268	1306
1249	1317
1268	1328
1249	1339
1268	1350
1249	1361
1268	1373
1249	1384
1268	1395
1249	1406
1268	1417
1249	1428
1268	1439
1249	1450
1268	1684
1249	1695
1268	1706
1249	1718
1268	1729
1307	638
1288	649
1307	660
1288	671
1307	682
1288	694
1307	705
1288	716
1307	727
1288	738
1307	749
1288	760
1307	771
1288	783
1307	794
1288	805
1307	816
1288	827
1307	838
1288	849
1307	860
1288	872
1307	883
1288	894
1307	905
1288	916
1307	927
1288	939
1307	950
1288	961
1307	972
1288	983
1307	994
1288	1005
1307	1016
1288	1027
1307	1039
1288	1050
1307	1061
1288	1072
1307	1083
1288	1094
1307	1105
1288	1116
1307	1128
1288	1139
1307	1150
1288	1161
1307	1172
1288	1183
1307	1194
1288	1206
1307	1217
1288	1228
1307	1239
1288	1250
1307	1261
1288	1272
1307	1284
1288	1295
1307	1306
1288	1317
1307	1328
1288	1339
1307	1350
1288	1361
1307	1373
1287	1384
1307	1395
1287	1406
1307	1417
1287	1428
1307	1439
1287	1450
1307	1662
1287	1673
1307	1684
1287	1695
1307	1706
1287	1718
1307	1729
1327	627
1346	638
1327	649
1346	660
1326	671
1346	683
1326	694
1346	705
1326	716
1346	727
1326	738
1346	749
1326	760
1346	771
1326	783
1346	794
1326	805
1346	816
1326	827
1346	838
1326	849
1346	860
1326	872
1346	883
1326	894
1346	905
1326	916
1346	927
1326	939
1346	950
1326	961
1346	972
1326	983
1346	994
1326	1005
1346	1016
1326	1028
1346	1039
1326	1050
1346	1061
1326	1072
1326	1094
1346	1105
1326	1117
1346	1128
1326	1139
1346	1150
1326	1161
1346	1172
1326	1183
1346	1194
1326	1206
1346	1217
1326	1228
1346	1239
1326	1250
1346	1261
1326	1272
1346	1284
1326	1295
1346	1306
1326	1317
1346	1328
1326	1339
1346	1350
1326	1361
1346	1373
1326	1384
1346	1395
1326	1406
1326	1428
1345	1595
1345	1617
1326	1651
1345	1662
1326	1673
1345	1684
1326	1695
1345	1706
1326	1718
1345	1729
1365	627
1385	638
1365	649
1385	660
1365	671
1385	683
1365	694
1385	705
1365	716
1385	727
1365	738
1385	749
1365	760
1385	772
1365	783
1385	794
1365	805
1385	816
1365	827
1385	838
1365	849
1385	861
1365	872
1385	883
1365	894
1385	905
1365	916
1385	927
1365	939
1385	950
1365	961
1385	972
1365	983
1385	994
1365	1005
1385	1016
1365	1028
1385	1039
1365	1050
1385	1061
1365	1072
1384	1083
1365	1094
1384	1105
1365	1117
1384	1128
1365	1139
1384	1150
1365	1161
1384	1172
1365	1183
1384	1194
1365	1206
1384	1217
1365	1228
1384	1239
1365	1250
1384	1261
1365	1272
1384	1284
1365	1295
1384	1306
1365	1317
1384	1328
1365	1339
1384	1350
1365	1361
1384	1373
1365	1384
1384	1395
1365	1406
1384	1417
1365	1562
1384	1573
1365	1584
1384	1595
1365	1606
1384	1617
1365	1629
1384	1640
1365	1651
1384	1662
1365	1673
1384	1684
1365	1695
1384	1706
1365	1718
1384	1729
1404	627
1423	638
1404	649
1423	660
1404	671
1423	683
1404	694
1423	705
1404	716
1423	727
1404	738
1423	749
1404	760
1423	772
1404	783
1423	794
1404	805
1423	816
1404	827
1423	838
1404	849
1423	861
1404	872
1423	883
1404	894
1423	905
1404	916
1423	927
1404	939
1423	950
1404	961
1423	972
1404	983
1423	994
1404	1005
1423	1016
1404	1028
1423	1039
1404	1050
1423	1061
1404	1072
1423	1083
1404	1094
1423	1105
1404	1117
1423	1128
1404	1139
1423	1150
1404	1161
1423	1172
1404	1183
1423	1194
1404	1206
1423	1217
1404	1228
1423	1239
1404	1250
1423	1261
1404	1272
1423	1284
1404	1295
1423	1306
1404	1317
1423	1328
1404	1339
1423	1350
1404	1361
1423	1373
1404	1384
1423	1395
1404	1406
1423	1417
1403	1517
1423	1551
1403	1562
1423	1573
1403	1584
1423	1595
1403	1606
1423	1618
1403	1629
1423	1640
1403	1651
1423	1662
1403	1673
1423	1684
1403	1695
1423	1706
1403	1718
1423	1729
1443	649
1443	671
1462	683
1443	694
1462	705
1443	716
1462	727
1443	738
1462	749
1443	760
1462	772
1443	783
1462	794
1443	805
1462	816
1443	827
1462	838
1443	849
1462	861
1443	872
1462	883
1443	894
1462	905
1443	916
1462	927
1443	939
1462	950
1443	961
1462	972
1443	983
1462	994
1443	1005
1462	1016
1443	1028
1462	1039
1443	1050
1462	1061
1443	1072
1462	1083
1443	1094
1462	1105
1442	1117
1462	1128
1442	1139
1462	1150
1442	1161
1462	1172
1442	1183
1462	1194
1442	1206
1462	1217
1442	1228
1462	1239
1442	1250
1462	1261
1442	1272
1462	1284
1442	1295
1462	1306
1442	1317
1462	1328
1442	1339
1462	1350
1442	1361
1462	1373
1442	1384
1462	1395
1442	1406
1462	1417
1442	1495
1442	1540
1462	1551
1442	1562
1462	1573
1442	1584
1462	1595
1442	1606
1462	1618
1442	1629
1462	1640
1442	1651
1462	1662
1442	1673
1462	1684
1442	1695
1462	1707
1442	1718
1462	1729
1481	716
1481	738
1501	749
1481	760
1501	772
1481	783
1501	794
1481	805
1501	816
1481	827
1501	838
1481	849
1501	861
1481	872
1501	883
1481	894
1501	905
1481	916
1501	928
1481	939
1501	950
1481	961
1501	972
1481	983
1501	994
1481	1005
1501	1016
1481	1028
1501	1039
1481	1050
1501	1061
1481	1072
1501	1083
1481	1094
1501	1105
1481	1117
1501	1128
1481	1139
1500	1150
1481	1161
1500	1172
1481	1183
1500	1194
1481	1206
1500	1217
1481	1228
1500	1239
1481	1250
1500	1261
1481	1273
1500	1284
1481	1295
1500	1306
1481	1317
1500	1328
1481	1339
1500	1350
1481	1362
1500	1373
1481	1384
1500	1395
1481	1406
1500	1417
1500	1573
1481	1606
1500	1618
1481	1629
1500	1640
1481	1651
1500	1662
1481	1673
1500	1684
1481	1695
1500	1707
1481	1718
1500	1729
1520	783
1520	805
1539	816
1520	827
1539	838
1520	849
1539	861
1520	872
1539	883
1520	894
1539	905
1520	916
1539	928
1520	939
1539	950
1520	961
1539	972
1520	983
1539	994
1520	1005
1539	1017
1520	1028
1539	1039
1520	1050
1539	1061
1520	1072
1539	1083
1520	1094
1539	1105
1520	1117
1539	1128
1520	1139
1539	1150
1520	1161
1539	1172
1520	1183
1539	1194
1520	1206
1539	1217
1520	1228
1539	1239
1520	1250
1539	1261
1520	1273
1539	1284
1520	1295
1539	1306
1520	1317
1539	1328
1520	1339
1539	1350
1520	1362
1539	1373
1520	1384
1539	1395
1520	1406
1539	1417
1539	1439
1539	1573
1520	1584
1539	1618
1520	1629
1539	1640
1520	1651
1539	1662
1520	1673
1539	1684
1520	1695
1539	1707
1520	1718
1539	1729
1559	849
1559	872
1578	883
1559	894
1578	905
1559	916
1578	928
1559	939
1578	950
1559	961
1578	972
1559	983
1578	994
1559	1005
1578	1017
1559	1028
1578	1039
1559	1050
1578	1061
1559	1072
1578	1083
1559	1094
1578	1106
1559	1117
1578	1128
1559	1139
1578	1150
1559	1161
1578	1172
1559	1183
1578	1195
1559	1206
1578	1217
1559	1228
1578	1239
1559	1250
1578	1261
1559	1273
1578	1284
1559	1295
1578	1306
1559	1317
1578	1328
1559	1339
1578	1350
1559	1362
1578	1373
1559	1384
1578	1395
1559	1406
1578	1417
1559	1428
1578	1439
1578	1573
1558	1606
1578	1618
1558	1629
1578	1640
1558	1651
1578	1662
1558	1673
1578	1684
1558	1695
1578	1707
1558	1718
1578	1729
1597	916
1597	939
1617	950
1597	961
1617	972
1597	983
1597	1005
1597	1028
1617	1039
1597	1050
1617	1061
1597	1072
1617	1083
1597	1094
1617	1106
1597	1117
1617	1128
1597	1139
1617	1150
1597	1161
1617	1172
1597	1183
1617	1195
1597	1206
1617	1217
1597	1228
1617	1239
1597	1250
1617	1261
1597	1273
1617	1284
1597	1295
1617	1306
1597	1317
1617	1328
1597	1339
1617	1350
1597	1362
1617	1373
1597	1384
1617	1395
1597	1406
1617	1417
1597	1428
1617	1439
1617	1573
1597	1584
1616	1595
1597	1606
1616	1618
1597	1629
1616	1640
1597	1651
1616	1662
1597	1673
1616	1684
1597	1695
1616	1707
1597	1718
1616	1729
1636	1050
1636	1072
1655	1083
1636	1094
1655	1106
1636	1117
1655	1128
1636	1139
1636	1161
1655	1172
1636	1183
1655	1195
1636	1206
1655	1217
1636	1228
1655	1239
1636	1250
1655	1261
1636	1273
1655	1284
1636	1295
1655	1306
1636	1317
1655	1328
1636	1339
1655	1350
1636	1362
1655	1373
1636	1384
1655	1395
1636	1406
1655	1417
1636	1428
1655	1439
1655	1551
1636	1584
1636	1606
1655	1684
1636	1695
1655	1707
1636	1718
1655	1729
1675	1094
1675	1117
1675	1139
1675	1228
1675	1250
1675	1273
1675	1295
1694	1306
1675	1317
1675	1339
1675	1362
1694	1373
1675	1384
1675	1406
1675	1428
1675	1540
1694	1551
1675	1562
1675	1584
1694	1595
1674	1696
